108,401 108,413 108,421 108,439 108,457 108,461 108,463 108,497 108,499 108,503
108,517 108,529 108,533 108,541 108,553 108,557 108,571 108,587 108,631 108,637
108,643 108,649 108,677 108,707 108,709 108,727 108,739 108,751 108,761 108,769
108,791 108,793 108,799 108,803 108,821 108,827 108,863 108,869 108,877 108,881
108,883 108,887 108,893 108,907 108,917 108,923 108,929 108,943 108,947 108,949
108,959 108,961 108,967 108,971 108,991 109,001 109,013 109,037 109,049 109,063
109,073 109,097 109,103 109,111 109,121 109,133 109,139 109,141 109,147 109,159
109,169 109,171 109,199 109,201 109,211 109,229 109,253 109,267 109,279 109,297
109,303 109,313 109,321 109,331 109,357 109,363 109,367 109,379 109,387 109,391
109,397 109,423 109,433 109,441 109,451 109,453 109,469 109,471 109,481 109,507
109,517 109,519 109,537 109,541 109,547 109,567 109,579 109,583 109,589 109,597
109,609 109,619 109,621 109,639 109,661 109,663 109,673 109,717 109,721 109,741
109,751 109,789 109,793 109,807 109,819 109,829 109,831 109,841 109,843 109,847
109,849 109,859 109,873 109,883 109,891 109,897 109,903 109,913 109,919 109,937
109,943 109,961 109,987 110,017 110,023 110,039 110,051 110,059 110,063 110,069
110,083 110,119 110,129 110,161 110,183 110,221 110,233 110,237 110,251 110,261
110,269 110,273 110,281 110,291 110,311 110,321 110,323 110,339 110,359 110,419
110,431 110,437 110,441 110,459 110,477 110,479 110,491 110,501 110,503 110,527
110,533 110,543 110,557 110,563 110,567 110,569 110,573 110,581 110,587 110,597
110,603 110,609 110,623 110,629 110,641 110,647 110,651 110,681 110,711 110,729
110,731 110,749 110,753 110,771 110,777 110,807 110,813 110,819 110,821 110,849
110,863 110,879 110,881 110,899 110,909 110,917 110,921 110,923 110,927 110,933
110,939 110,947 110,951 110,969 110,977 110,989 111,029 111,031 111,043 111,049
111,053 111,091 111,103 111,109 111,119 111,121 111,127 111,143 111,149 111,187
111,191 111,211 111,217 111,227 111,229 111,253 111,263 111,269 111,271 111,301
111,317 111,323 111,337 111,341 111,347 111,373 111,409 111,427 111,431 111,439
111,443 111,467 111,487 111,491 111,493 111,497 111,509 111,521 111,533 111,539
111,577 111,581 111,593 111,599 111,611 111,623 111,637 111,641 111,653 111,659
111,667 111,697 111,721 111,731 111,733 111,751 111,767 111,773 111,779 111,781
111,791 111,799 111,821 111,827 111,829 111,833 111,847 111,857 111,863 111,869
111,871 111,893 111,913 111,919 111,949 111,953 111,959 111,973 111,977 111,997
112,019 112,031 112,061 112,067 112,069 112,087 112,097 112,103 112,111 112,121
112,129 112,139 112,153 112,163 112,181 112,199 112,207 112,213 112,223 112,237
112,241 112,247 112,249 112,253 112,261 112,279 112,289 112,291 112,297 112,303
112,327 112,331 112,337 112,339 112,349 112,361 112,363 112,397 112,403 112,429
112,459 112,481 112,501 112,507 112,543 112,559 112,571 112,573 112,577 112,583
112,589 112,601 112,603 112,621 112,643 112,657 112,663 112,687 112,691 112,741
112,757 112,759 112,771 112,787 112,799 112,807 112,831 112,843 112,859 112,877
112,901 112,909 112,913 112,919 112,921 112,927 112,939 112,951 112,967 112,979
112,997 113,011 113,017 113,021 113,023 113,027 113,039 113,041 113,051 113,063
113,081 113,083 113,089 113,093 113,111 113,117 113,123 113,131 113,143 113,147
113,149 113,153 113,159 113,161 113,167 113,171 113,173 113,177 113,189 113,209
113,213 113,227 113,233 113,279 113,287 113,327 113,329 113,341 113,357 113,359
113,363 113,371 113,381 113,383 113,417 113,437 113,453 113,467 113,489 113,497
113,501 113,513 113,537 113,539 113,557 113,567 113,591 113,621 113,623 113,647
113,657 113,683 113,717 113,719 113,723 113,731 113,749 113,759 113,761 113,777
113,779 113,783 113,797 113,809 113,819 113,837 113,843 113,891 113,899 113,903
113,909 113,921 113,933 113,947 113,957 113,963 113,969 113,983 113,989 114,001
114,013 114,031 114,041 114,043 114,067 114,073 114,077 114,083 114,089 114,113
114,143 114,157 114,161 114,167 114,193 114,197 114,199 114,203 114,217 114,221
114,229 114,259 114,269 114,277 114,281 114,299 114,311 114,319 114,329 114,343
114,371 114,377 114,407 114,419 114,451 114,467 114,473 114,479 114,487 114,493
114,547 114,553 114,571 114,577 114,593 114,599 114,601 114,613 114,617 114,641
114,643 114,649 114,659 114,661 114,671 114,679 114,689 114,691 114,713 114,743
114,749 114,757 114,761 114,769 114,773 114,781 114,797 114,799 114,809 114,827
114,833 114,847 114,859 114,883 114,889 114,901 114,913 114,941 114,967 114,973
114,997 115,001 115,013 115,019 115,021 115,057 115,061 115,067 115,079 115,099
115,117 115,123 115,127 115,133 115,151 115,153 115,163 115,183 115,201 115,211
115,223 115,237 115,249 115,259 115,279 115,301 115,303 115,309 115,319 115,321
115,327 115,331 115,337 115,343 115,361 115,363 115,399 115,421 115,429 115,459
115,469 115,471 115,499 115,513 115,523 115,547 115,553 115,561 115,571 115,589
115,597 115,601 115,603 115,613 115,631 115,637 115,657 115,663 115,679 115,693
115,727 115,733 115,741 115,751 115,757 115,763 115,769 115,771 115,777 115,781
115,783 115,793 115,807 115,811 115,823 115,831 115,837 115,849 115,853 115,859
115,861 115,873 115,877 115,879 115,883 115,891 115,901 115,903 115,931 115,933
115,963 115,979 115,981 115,987 116,009 116,027 116,041 116,047 116,089 116,099
116,101 116,107 116,113 116,131 116,141 116,159 116,167 116,177 116,189 116,191
116,201 116,239 116,243 116,257 116,269 116,273 116,279 116,293 116,329 116,341
116,351 116,359 116,371 116,381 116,387 116,411 116,423 116,437 116,443 116,447
116,461 116,471 116,483 116,491 116,507 116,531 116,533 116,537 116,539 116,549
116,579 116,593 116,639 116,657 116,663 116,681 116,687 116,689 116,707 116,719
116,731 116,741 116,747 116,789 116,791 116,797 116,803 116,819 116,827 116,833
116,849 116,867 116,881 116,903 116,911 116,923 116,927 116,929 116,933 116,953
116,959 116,969 116,981 116,989 116,993 117,017 117,023 117,037 117,041 117,043
117,053 117,071 117,101 117,109 117,119 117,127 117,133 117,163 117,167 117,191
117,193 117,203 117,209 117,223 117,239 117,241 117,251 117,259 117,269 117,281
117,307 117,319 117,329 117,331 117,353 117,361 117,371 117,373 117,389 117,413
117,427 117,431 117,437 117,443 117,497 117,499 117,503 117,511 117,517 117,529
117,539 117,541 117,563 117,571 117,577 117,617 117,619 117,643 117,659 117,671
117,673 117,679 117,701 117,703 117,709 117,721 117,727 117,731 117,751 117,757
117,763 117,773 117,779 117,787 117,797 117,809 117,811 117,833 117,839 117,841
117,851 117,877 117,881 117,883 117,889 117,899 117,911 117,917 117,937 117,959
117,973 117,977 117,979 117,989 117,991 118,033 118,037 118,043 118,051 118,057
118,061 118,081 118,093 118,127 118,147 118,163 118,169 118,171 118,189 118,211
118,213 118,219 118,247 118,249 118,253 118,259 118,273 118,277 118,297 118,343
118,361 118,369 118,373 118,387 118,399 118,409 118,411 118,423 118,429 118,453
118,457 118,463 118,471 118,493 118,529 118,543 118,549 118,571 118,583 118,589
118,603 118,619 118,621 118,633 118,661 118,669 118,673 118,681 118,687 118,691
118,709 118,717 118,739 118,747 118,751 118,757 118,787 118,799 118,801 118,819
118,831 118,843 118,861 118,873 118,891 118,897 118,901 118,903 118,907 118,913
118,927 118,931 118,967 118,973 119,027 119,033 119,039 119,047 119,057 119,069
119,083 119,087 119,089 119,099 119,101 119,107 119,129 119,131 119,159 119,173
119,179 119,183 119,191 119,227 119,233 119,237 119,243 119,267 119,291 119,293
119,297 119,299 119,311 119,321 119,359 119,363 119,389 119,417 119,419 119,429
119,447 119,489 119,503 119,513 119,533 119,549 119,551 119,557 119,563 119,569
119,591 119,611 119,617 119,627 119,633 119,653 119,657 119,659 119,671 119,677
119,687 119,689 119,699 119,701 119,723 119,737 119,747 119,759 119,771 119,773
119,783 119,797 119,809 119,813 119,827 119,831 119,839 119,849 119,851 119,869
119,881 119,891 119,921 119,923 119,929 119,953 119,963 119,971 119,981 119,983
119,993 120,011 120,017 120,041 120,047 120,049 120,067 120,077 120,079 120,091
120,097 120,103 120,121 120,157 120,163 120,167 120,181 120,193 120,199 120,209
120,223 120,233 120,247 120,277 120,283 120,293 120,299 120,319 120,331 120,349
120,371 120,383 120,391 120,397 120,401 120,413 120,427 120,431 120,473 120,503
120,511 120,539 120,551 120,557 120,563 120,569 120,577 120,587 120,607 120,619
120,623 120,641 120,647 120,661 120,671 120,677 120,689 120,691 120,709 120,713
120,721 120,737 120,739 120,749 120,763 120,767 120,779 120,811 120,817 120,823
120,829 120,833 120,847 120,851 120,863 120,871 120,877 120,889 120,899 120,907
120,917 120,919 120,929 120,937 120,941 120,943 120,947 120,977 120,997 121,001
121,007 121,013 121,019 121,021 121,039 121,061 121,063 121,067 121,081 121,123
121,139 121,151 121,157 121,169 121,171 121,181 121,189 121,229 121,259 121,267
121,271 121,283 121,291 121,309 121,313 121,321 121,327 121,333 121,343 121,349
121,351 121,357 121,367 121,369 121,379 121,403 121,421 121,439 121,441 121,447
121,453 121,469 121,487 121,493 121,501 121,507 121,523 121,531 121,547 121,553
121,559 121,571 121,577 121,579 121,591 121,607 121,609 121,621 121,631 121,633
121,637 121,661 121,687 121,697 121,711 121,721 121,727 121,763 121,787 121,789
121,843 121,853 121,867 121,883 121,889 121,909 121,921 121,931 121,937 121,949
121,951 121,963 121,967 121,993 121,997 122,011 122,021 122,027 122,029 122,033
122,039 122,041 122,051 122,053 122,069 122,081 122,099 122,117 122,131 122,147
122,149 122,167 122,173 122,201 122,203 122,207 122,209 122,219 122,231 122,251
122,263 122,267 122,273 122,279 122,299 122,321 122,323 122,327 122,347 122,363
122,387 122,389 122,393 122,399 122,401 122,443 122,449 122,453 122,471 122,477
122,489 122,497 122,501 122,503 122,509 122,527 122,533 122,557 122,561 122,579
122,597 122,599 122,609 122,611 122,651 122,653 122,663 122,693 122,701 122,719
122,741 122,743 122,753 122,761 122,777 122,789 122,819 122,827 122,833 122,839
122,849 122,861 122,867 122,869 122,887 122,891 122,921 122,929 122,939 122,953
122,957 122,963 122,971 123,001 123,007 123,017 123,031 123,049 123,059 123,077
123,083 123,091 123,113 123,121 123,127 123,143 123,169 123,191 123,203 123,209
123,217 123,229 123,239 123,259 123,269 123,289 123,307 123,311 123,323 123,341
123,373 123,377 123,379 123,397 123,401 123,407 123,419 123,427 123,433 123,439
123,449 123,457 123,479 123,491 123,493 123,499 123,503 123,517 123,527 123,547
123,551 123,553 123,581 123,583 123,593 123,601 123,619 123,631 123,637 123,653
123,661 123,667 123,677 123,701 123,707 123,719 123,727 123,731 123,733 123,737
123,757 123,787 123,791 123,803 123,817 123,821 123,829 123,833 123,853 123,863
123,887 123,911 123,923 123,931 123,941 123,953 123,973 123,979 123,983 123,989
123,997 124,001 124,021 124,067 124,087 124,097 124,121 124,123 124,133 124,139
124,147 124,153 124,171 124,181 124,183 124,193 124,199 124,213 124,231 124,247
124,249 124,277 124,291 124,297 124,301 124,303 124,309 124,337 124,339 124,343
124,349 124,351 124,363 124,367 124,427 124,429 124,433 124,447 124,459 124,471
124,477 124,489 124,493 124,513 124,529 124,541 124,543 124,561 124,567 124,577
124,601 124,633 124,643 124,669 124,673 124,679 124,693 124,699 124,703 124,717
124,721 124,739 124,753 124,759 124,769 124,771 124,777 124,781 124,783 124,793
124,799 124,819 124,823 124,847 124,853 124,897 124,907 124,909 124,919 124,951
124,979 124,981 124,987 124,991 125,003 125,017 125,029 125,053 125,063 125,093
125,101 125,107 125,113 125,117 125,119 125,131 125,141 125,149 125,183 125,197
125,201 125,207 125,219 125,221 125,231 125,243 125,261 125,269 125,287 125,299
125,303 125,311 125,329 125,339 125,353 125,371 125,383 125,387 125,399
